10-382720	13 39 27.2306	61 03 42.2171	2000.0
10-357377	14 02 21.5404	52 25 03.8688	2000.0
10-368772	14 53 04.8085	51 15 40.1462	2000.0
10-371207	14 15 16.9669	52 32 09.2724	2000.0
10-369033	15 37 50.3938	51 32 15.6603	2000.0
10-363658	13 45 16.437	52 14 50.1478	2000.0
10-363790	13 41 36.5098	53 20 15.0287	2000.0
10-369814	15 23 15.8828	54 50 53.6132	2000.0
10-372248	15 03 16.8336	59 00 41.4664	2000.0
10-371100	14 48 02.8143	56 09 33.117	2000.0
10-363805	13 43 07.7664	54 01 33.2528	2000.0
10-337950	15 50 01.2712	45 55 14.2504	2000.0
10-372256	15 04 17.5873	59 32 06.1908	2000.0
10-357282	14 07 49.2165	51 57 09.5806	2000.0
10-338716	15 36 32.3341	48 16 46.9288	2000.0
10-371015	14 39 26.3513	54 46 26.6004	2000.0
10-339279	16 01 06.8313	53 24 59.0298	2000.0
10-372787	14 42 31.5586	60 13 51.4595	2000.0
10-384055	13 58 41.0947	63 41 19.5546	2000.0
10-373048	14 39 16.8044	61 55 52.5255	2000.0
10-369977	15 12 57.8821	56 02 47.1566	2000.0
10-372794	14 51 30.2276	59 31 55.4891	2000.0
10-372542	15 04 25.7221	59 52 50.8174	2000.0
10-357312	14 02 59.734	50 58 18.4243	2000.0
10-372423	15 27 41.6187	59 59 13.3415	2000.0
10-364066	13 24 51.817	54 53 50.7604	2000.0
10-366159	13 03 16.6725	57 18 54.7462	2000.0
10-372563	15 05 15.5842	60 42 24.7527	2000.0
10-363861	13 34 07.2719	55 20 54.275	2000.0
10-383447	14 10 53.0113	62 31 19.9072	2000.0
10-369113	15 24 50.0684	51 12 36.8838	2000.0
10-363738	13 48 27.4081	54 02 33.7149	2000.0
10-370895	14 50 05.6517	53 38 05.3806	2000.0
10-371770	14 25 11.1108	57 37 59.554	2000.0
10-363746	13 46 35.6249	54 25 57.572	2000.0
10-371172	14 18 31.1187	52 01 59.9083	2000.0
10-338405	16 07 08.1446	49 04 59.0882	2000.0
10-369255	15 31 14.1963	53 27 36.4605	2000.0
10-371304	14 18 55.8817	54 51 49.537	2000.0
10-338921	15 54 35.9554	49 23 43.6243	2000.0
10-339178	15 51 41.7862	52 18 22.7104	2000.0
10-339053	16 02 02.4213	51 20 07.1956	2000.0
10-372096	15 05 07.1522	57 30 45.7051	2000.0
10-363433	13 43 54.7484	52 03 51.8058	2000.0
10-371817	14 16 17.4155	58 23 21.8467	2000.0
