 0025   326  3 42 55.102   +24 29 35.44
 0034   401  3 43 02.93    +24 40 11.08
 0070   326  3 43 14.016   +23 43 24.60
 0097   401  3 43 26.61    +24 59 40.00
 0101   401  3 46 27.33    +25 08 08.03
 0102   401  3 46 28.62    +24 45 32.09
 0129   401  3 43 34.40    +23 45 43.04
 0133   401  3 43 36.90    +24 23 38.08
 0146   401  3 43 36.59    +23 27 14.07
 0157   326  3 43 41.522   +23 38 57.31
 0158   326  3 43 43.234   +24 22 28.86
 0164   326  3 43 42.864   +23 35 41.63
 0173   401  3 43 48.39    +25 11 24.06
 0177   326  3 43 50.650   +25 16 08.57
 0186   401  3 43 47.47    +23 12 42.09
 0189   401  3 43 48.60    +23 32 22.04
 0191   401  3 43 52.14    +24 50 30.03
 0248   401  3 44 00.58    +23 32 38.07
 0253   401  3 44 03.53    +24 30 15.08
 0296   401  3 44 11.20    +23 22 46.02
 0314   401  3 44 20.07    +24 47 46.08
 0316   326  3 44 20.222   +24 52 29.79
 0320   401  3 44 20.50    +24 46 22.08
 0324   401  3 44 21.89    +24 46 06.09
 0335   401  3 44 23.05    +24 04 06.03
 0344   326  3 44 25.705   +24 23 41.41
 0347   401  3 44 27.29    +24 50 39.00
 0380   401  3 44 37.41    +25 08 16.05
 0447   326  3 44 48.203   +24 17 22.46
 0451   401  3 44 50.17    +24 54 40.06
 0457   326  3 44 48.338   +23 35 23.94
 0470   326  3 44 51.224   +23 16 08.49
 0513   401  3 44 58.94    +23 23 20.07
 0514   401  3 45 04.00    +25 15 28.08
 0522   401  3 45 03.26    +23 50 22.04
 0530   326  3 45 05.271   +23 42 10.00
 0531   326  3 45 06.527   +24 15 49.02
 0541   326  3 45 09.727   +24 50 21.73
 0554   401  3 45 11.97    +24 35 10.08
 0563   326  3 45 12.482   +24 28 02.55
 0590   401  3 45 18.13    +25 05 58.08
 0605   326  3 45 20.848   +24 55 19.81
 0624   401  3 45 23.48    +24 51 03.04
 0636   401  3 45 22.17    +23 28 18.08
 0643   326  3 45 22.431   +23 12 17.83
 0652   326  3 45 26.130   +24 02 06.91
 0676   401  3 45 29.56    +23 45 38.05
 0717   326  3 45 37.776   +24 20 08.59
 0785   326  3 45 49.594   +24 22 04.28
 0793   401  3 45 48.93    +23 51 11.00
 0800   326  3 45 48.803   +23 08 50.11
 0801   326  3 45 48.803   +23 08 50.11
 0804   326  3 45 51.624   +24 02 20.33
 0813   401  3 45 53.76    +24 28 09.04
 0859   326  3 46 02.888   +24 31 40.80
 0879   401  3 46 06.50    +24 34 03.05
 0882   401  3 46 04.11    +23 24 20.05
 0885   401  3 46 07.77    +24 52 01.02
 0906   401  3 46 09.89    +24 40 25.06
 0916   401  3 46 11.74    +24 37 21.00
 0923   401  3 46 10.03    +23 20 24.07
 0930   401  3 46 12.85    +24 03 16.04
 0938   326  3 46 13.733   +24 11 47.90
 0948   326  3 46 12.675   +23 07 43.15
 0956   326  3 46 15.988   +24 11 24.09
 0974   401  3 46 20.46    +24 47 08.03
 0980   326  3 46 19.561   +23 56 54.45
 1028   326  3 46 27.267   +24 15 18.36
 1039   401  3 46 27.76    +23 35 34.04
 1069   401  3 46 32.86    +23 18 19.09
 1084   326  3 46 34.185   +23 37 26.85
 1132   326  3 46 38.381   +22 55 11.56
 1139   326  3 46 39.985   +23 06 37.60
 1182   326  3 46 47.048   +22 54 52.81
 1200   326  3 46 50.523   +23 14 21.38
 1207   401  3 46 54.89    +24 47 47.04
 1211   326  3 46 52.201   +23 12 38.04
 1266   326  3 47 03.538   +24 49 12.09
 1275   401  3 47 01.40    +23 29 42.04
 1280   401  3 47 03.56    +24 09 35.03
 1284   326  3 47 04.197   +23 59 43.16
 1286   401  3 47 03.75    +23 36 59.04
 1305   401  3 47 07.32    +23 13 35.04
 1309   326  3 47 10.041   +24 16 36.31
 1321   401  3 47 09.42    +23 44 32.05
 1338   326  3 47 16.554   +24 07 42.41
 1348   401  3 47 18.04    +24 23 27.02
 1357   326  3 47 17.164   +23 43 36.52
 1362   326  3 47 19.336   +24 08 21.18
 1375   326  3 47 21.025   +24 06 58.94
 1397   326  3 47 24.404   +23 54 53.21
 1404   326  3 47 26.536   +24 39 30.52
 1425   326  3 47 26.814   +23 40 42.36
 1432   326  3 47 29.065   +24 06 18.86
 1454   401  3 47 33.66    +24 41 03.07
 1485   401  3 47 38.07    +24 53 31.02
 1512   401  3 47 37.99    +23 28 05.06
 1531   401  3 47 41.41    +23 58 19.06
 1532   401  3 47 41.16    +23 44 25.06
 1549   326  3 47 42.081   +23 32 37.96
 1653   401  3 47 59.72    +24 43 53.02
 1705   326  3 48 06.558   +24 59 18.54
 1756   401  3 48 10.95    +23 30 25.09
 1766   326  3 48 16.863   +25 12 54.81
 1776   401  3 48 17.67    +25 02 52.08
 1785   401  3 48 17.28    +24 30 16.04
 1823   326  3 48 20.805   +23 25 16.90
 1876   326  3 48 30.085   +24 20 44.25
 1883   401  3 48 28.00    +23 18 03.04
 1912   326  3 48 34.795   +24 10 52.66
 1993   326  3 48 43.883   +23 15 35.70
 2144   401  3 49 05.83    +23 44 23.07
 2168   326  3 49 09.731   +24 03 12.67
 2172   326  3 49 33.421   +24 37 47.27
 2172   326  3 49 33.421   +24 37 47.27
 2181   326  3 49 11.204   +24 08 12.56
 2193   401  3 49 11.26    +23 33 19.04
 2197   326  3 49 10.713   +23 16 01.81
 2207   326  3 49 12.164   +23 24 29.76
 2209   401  3 49 12.28    +23 13 42.08
 2220   326  3 49 16.791   +24 23 46.45
 2244   401  3 49 20.57    +24 46 36.05
 2263   326  3 49 21.738   +24 22 51.82
 2289   326  3 49 25.971   +24 14 52.12
 2345   326  3 49 32.713   +23 22 49.80
 2368   401  3 49 34.88    +23 27 17.05
 2407   401  3 49 42.25    +24 27 47.02
 2415   326  3 49 40.911   +23 20 30.03
 2425   326  3 49 43.519   +23 42 43.06
 2484   326  3 49 54.693   +24 13 06.08
 2488   326  3 49 56.584   +24 20 56.75
 2507   326  3 49 58.043   +23 50 55.68
 2548   401  3 50 05.04    +24 07 26.08
 2588   401  3 50 12.39    +24 31 59.00
 2601   401  3 50 12.88    +24 21 07.02
 2602   401  3 50 12.23    +23 59 45.07
 2617   326  3 50 15.658   +24 40 00.51
 2690   326  3 50 28.044   +24 29 43.94
 2735   326  3 50 34.372   +24 47 29.77
 2736   326  3 50 34.857   +24 54 18.74
 2741   401  3 50 34.57    +24 30 28.06
 2870   401  3 50 51.42    +23 19 45.03
 2890   326  3 50 54.035   +23 09 12.00
 2927   401  3 51 05.55    +24 44 12.09
 2929   326  3 51 02.750   +23 25 42.05
 2966   401  3 51 12.05    +23 55 58.01
 2983   326  3 51 15.324   +23 37 18.50
 3010   326  3 51 25.299   +25 09 46.64
 3019   401  3 51 24.38    +24 05 15.01
 3030   401  3 51 25.32    +23 53 22.04
 3031   326  3 51 27.203   +24 31 07.54
 3036   326  3 51 29.044   +25 00 24.00
 3063   401  3 51 29.92    +23 53 57.08
 3093   326  3 51 35.109   +23 13 38.18
 3096   401  3 51 39.28    +24 32 56.06
 3097   401  3 51 40.43    +24 59 00.01
 3144   326  3 51 51.177   +25 05 54.81
 3163   401  3 51 53.37    +24 23 13.06
 3187   401  3 51 57.32    +23 20 22.07
 3217   326  3 52 06.848   +23 35 10.24
 3309   326  3 41 22.953   +23 29 13.36
 3310   326  3 42 04.709   +22 51 31.17
 3312   326  3 43 29.272   +22 44 05.73
 3313   326  3 43 46.672   +25 24 48.25
 3327   326  3 51 07.571   +25 24 30.53
 3329   326  3 52 53.467   +24 42 57.00
 3981   290  3 39 50.62    +23 45 52.8
 3982   290  3 39 55.16    +24 12 54.5
 3983   290  3 41 26.32    +23 08 03.2
 3984   290  3 44 09.57    +24 35 22.7
 3985   290  3 46 08.67    +24 40 33.6
 3986   290  3 46 52.55    +24 17 17.0
 3987   290  3 46 52.94    +24 15 08.3
 3988   290  3 46 53.93    +24 07 57.5
 3990   290  3 47 01.81    +24 13 28.5
 3991   290  3 47 11.74    +24 13 31.8
 3992   290  3 47 15.42    +24 23 31.4
 3993   290  3 47 27.24    +24 49 16.6
 3994   290  3 47 38.03    +24 49 11.3
 4527   275  3 51 25.52    +23 45 20.8
 4527   403  3 51 25.61    +23 45 21.16
 4532   401  3 33 13.89    +23 00 23.04
 4540   275  3 48 18.96    +24 25 12.9
 4559   212  3 43 53.5     +24 31 11
 4559   275  3 43 53.46    +24 31 11.3
 4564   275  3 46 23.05    +24 20 36.1
 4566   212  3 47 12.1     +24 28 32
 4568   212  3 45 50.6     +24 09 03
 4568   275  3 45 50.58    +24 09 03.5
 4569   212  3 46 42.9     +24 24 50
 4569   275  3 46 42.90    +24 24 50.4
 4570   212  3 45 41.2     +23 54 11
 4571   212  3 47 39.0     +24 36 22
 4571   275  3 47 38.97    +24 36 22.1
 4572   212  3 47 23.9     +22 42 38
 4572   275  3 47 23.90    +22 42 37.0
 4572   402  3 47 23.95    +22 42 37.8
 4573   275  3 52 06.67    +24 16 00.4
 4573   403  3 52 06.72    +24 16 00.76
 4575   401  3 52 44.25    +23 54 15.09
 4581   275  3 49 15.06    +24 36 22.3
 4583   275  3 53 55.04    +23 23 36.3
 4583   403  3 53 55.10    +23 23 36.41
 4586   403  3 44 35.19    +25 13 42.34
 4587   275  3 43 00.05    +24 43 52.2
 4587   403  3 43 00.18    +24 43 52.13
 4588   275  3 53 23.04    +23 19 20.2
 4590   403  3 44 12.67    +25 24 33.62
 4592   403  3 52 18.64    +24 04 28.41
 4593   275  3 43 40.20    +24 30 11.3
 4593   403  3 43 40.29    +24 30 11.34
 4594   275  3 54 05.26    +23 33 59.5
 4594   403  3 54 05.37    +23 33 59.47
 4596   211  3 54 01.2     +23 16 35
 4597   211  3 45 43.2     +25 40 23
 4599   211  3 38 54.9     +22 31 53
 4600   211  3 39 52.7     +24 57 28
 4627   257  3 55 23.04    +24 49 05.5
 4627   275  3 56 36.13    +25 18 05.0
 4627   403  3 55 23.07    +24 49 05.01
 4628   257  3 49 16.15    +26 49 03.6
 4629   257  3 49 33.03    +26 50 43.0
 4630   257  3 46 26.06    +24 05 09.9
 4631   257  3 47 15.17    +25 24 19.2
 4632   257  3 45 31.33    +24 52 47.8
 4633   257  3 39 17.03    +22 27 11.5
 4634   290  3 44 52.39    +24 36 50.0
 4635   290  3 49 09.09    +24 20 00.3
 4636   290  3 41 54.11    +23 05 05.5
 4637   290  3 44 41.55    +25 01 36.1
 4638   290  3 47 27.69    +22 09 39.0
 4639   290  3 49 15.09    +24 36 23.0
 4640   403  3 51 05.98    +24 36 17.09
 4641   403  3 41 40.92    +25 54 23.00
 4642   403  3 53 37.96    +26 02 19.67
 4644   403  3 55 04.40    +26 15 49.32
 4645   403  3 53 32.39    +26 07 01.20
 4646   403  3 51 26.69    +23 30 10.65
 4647   403  3 54 00.96    +24 54 52.91
 4648   403  3 56 16.37    +23 54 51.44
 4649   403  3 55 27.66    +25 49 40.72
 4650   403  3 51 52.71    +26 52 32.16
 4651   403  3 51 33.48    +24 10 14.16
 4652   403  3 47 23.68    +26 00 59.75
 4653   403  3 52 44.30    +24 24 50.04
 4654   403  3 44 48.66    +25 39 17.52
 4655   403  3 55 00.38    +23 38 08.05
 4656   403  3 54 14.03    +23 17 51.39
 4657   403  3 49 45.29    +26 50 49.88
 4658   403  3 51 46.00    +26 49 37.41
 4659   403  3 51 47.65    +24 39 59.51
 4660   403  3 50 15.47    +26 34 51.27
 4661   403  3 50 44.68    +26 42 09.36
 4662   403  3 54 02.56    +24 40 26.07
 4663   403  3 52 39.17    +24 46 30.03
 4664   403  3 54 38.34    +23 38 00.63
 4665   403  3 55 39.57    +24 12 52.12
 4666   403  3 45 54.69    +26 30 14.57
 4667   403  3 53 40.30    +26 16 18.15
 4668   403  3 49 49.30    +26 33 56.19
 4669   404  3 45 50.6     +23 44 37.
 4670   404  3 46 34.3     +23 50 04.
 4671   404  3 45 11.7     +23 41 44.
 4672   404  3 45 58.5     +23 41 54.
 4673   402  3 43 46.27    +23 58 38.1
 4674   402  3 43 03.83    +23 54 19.7
 4675   402  3 47 59.69    +22 36 02.5
 4676   402  3 45 55.15    +22 51 31.2
 4677   402  3 46 23.68    +22 50 17.5
 4678   402  3 46 54.34    +22 45 12.5
 4679   402  3 43 50.59    +23 05 48.1
 4680   402  3 43 52.04    +22 55 24.9
 4681   402  3 45 03.16    +23 06 59.1
 4682   402  3 45 14.48    +22 29 29.3
 4683   402  3 44 25.47    +22 27 50.7
 4684   402  3 42 07.99    +22 39 33.5
 4685   402  3 42 55.84    +22 38 00.7
 4686   402  3 41 13.18    +24 05 25.6
 4687   402  3 40 27.93    +24 12 09.9
 4693   403  3 48 12.13    +25 54 28.40
 5114   401  3 42 03.91    +22 25 37.04
 5115   401  3 42 24.00    +22 25 16.07
 5116   401  3 42 59.20    +22 54 03.08
 5120   401  3 44 41.79    +22 27 53.00
 5123   401  3 56 26.18    +23 47 04.00
 5124   401  3 38 56.85    +24 34 11.08
 5125   401  3 39 13.46    +24 27 59.09
 5127   401  3 40 34.35    +23 40 58.00
 5128   401  3 40 30.72    +24 29 15.00
 5129   401  3 44 05.08    +25 29 02.02
 5130   401  3 44 43.16    +25 52 32.03
 5131   401  3 47 14.79    +25 22 19.00
 5133   401  3 53 23.68    +24 03 54.07
 5134   401  3 53 50.23    +25 57 53.00
 5136   401  3 33 05.81    +22 08 03.03
 5139   401  3 34 01.79    +24 52 51.08
 5141   401  3 40 05.73    +26 11 47.04
 5142   401  3 41 36.15    +25 37 10.00
 5143   401  3 44 15.35    +26 19 52.08
 5144   401  3 45 08.20    +26 17 33.05
 5145   401  3 45 13.90    +26 35 18.06
 5146   401  3 53 31.33    +26 31 41.03
 5149   401  3 56 11.10    +22 13 16.06
 5201   275  3 39 22.02    +24 02 38.8
 5202   275  3 39 32.27    +24 16 00.9
 5207   275  3 39 50.62    +23 45 52.4
 5208   275  3 39 55.15    +24 12 54.3
 5211   275  3 40 15.88    +24 22 31.3
 5216   275  3 40 47.24    +23 52 36.0
 5217   275  3 41 00.34    +24 13 34.8
 5219   275  3 41 05.16    +23 50 14.8
 5222   275  3 41 29.63    +24 32 26.2
 5224   275  3 41 33.72    +24 11 18.4
 5225   275  3 41 38.75    +24 23 08.9
 5227   275  3 41 51.44    +24 19 27.3
 5227   402  3 41 51.50    +24 19 27.5
 5230   275  3 41 56.66    +23 58 43.2
 5231   275  3 41 59.59    +24 42 18.1
 5232   275  3 42 00.31    +24 10 12.5
 5240   275  3 42 33.90    +24 11 00.5
 5242   275  3 42 41.78    +24 00 15.2
 5243   275  3 42 44.37    +23 58 14.9
 5245   275  3 42 48.10    +24 04 01.2
 5245   402  3 42 48.15    +24 04 01.4
 5247   275  3 42 56.47    +24 13 45.2
 5250   275  3 43 01.18    +24 14 52.2
 5255   275  3 43 13.82    +24 08 20.0
 5258   275  3 43 24.91    +23 52 01.1
 5258   402  3 43 24.98    +23 52 01.9
 5260   275  3 43 29.80    +24 15 47.0
 5264   275  3 43 49.23    +24 07 41.5
 5268   275  3 44 01.60    +23 51 45.4
 5269   275  3 45 08.30    +22 53 46.0
 5272   275  3 45 23.65    +21 52 39.0
 5274   275  3 45 29.71    +22 24 15.2
 5275   275  3 45 38.97    +22 04 24.0
 5276   275  3 45 45.11    +22 58 44.8
 5276   402  3 45 45.21    +22 58 45.4
 5277   275  3 45 49.30    +24 25 06.6
 5278   275  3 45 50.30    +22 36 06.3
 5278   402  3 45 50.39    +22 36 06.2
 5281   275  3 45 53.18    +25 12 55.9
 5282   275  3 45 54.91    +24 13 26.0
 5285   275  3 46 02.90    +24 40 55.4
 5287   275  3 46 03.86    +24 23 08.5
 5288   275  3 46 04.49    +24 09 55.7
 5289   275  3 46 06.54    +22 23 33.8
 5290   401  3 46 08.69    +24 40 33.09
 5293   275  3 46 15.70    +22 02 41.4
 5294   275  3 46 16.78    +24 26 26.6
 5299   275  3 46 22.95    +24 36 17.5
 5301   275  3 46 24.07    +24 30 12.5
 5306   275  3 46 31.98    +24 28 33.9
 5307   275  3 46 40.29    +22 50 39.9
 5310   275  3 46 50.07    +22 12 43.0
 5311   275  3 46 52.50    +24 17 16.6
 5312   275  3 46 52.90    +24 15 07.6
 5315   275  3 46 54.79    +24 27 59.2
 5316   290  3 46 55.28    +24 11 17.1
 5318   275  3 46 58.72    +24 22 07.8
 5321   275  3 47 00.96    +24 58 57.2
 5322   275  3 47 01.75    +24 13 27.9
 5323   275  3 47 02.53    +25 13 45.1
 5324   275  3 47 05.66    +24 40 03.5
 5325   401  3 47 07.87    +24 23 38.04
 5327   275  3 47 08.22    +22 33 10.2
 5327   402  3 47 08.28    +22 33 10.3
 5330   275  3 47 11.70    +24 13 31.2
 5331   275  3 47 11.77    +24 13 53.7
 5332   275  3 47 12.02    +24 28 31.5
 5334   275  3 47 15.38    +24 23 30.7
 5336   275  3 47 16.39    +24 44 50.2
 5337   275  3 47 17.83    +24 22 31.5
 5338   401  3 47 18.11    +24 13 51.07
 5339   275  3 47 22.31    +24 14 18.6
 5340   275  3 47 22.36    +22 31 11.3
 5345   401  3 47 28.42    +24 40 33.08
 5346   275  3 47 30.61    +25 13 30.8
 5347   275  3 47 31.90    +24 10 24.7
 5350   275  3 47 37.56    +24 24 22.8
 5362   275  3 47 56.56    +24 15 31.6
 5363   275  3 47 57.96    +22 06 51.3
 5364   401  3 47 59.36    +24 35 37.09
 5367   275  3 48 08.76    +25 01 45.6
 5368   275  3 48 13.88    +24 38 30.1
 5369   275  3 48 14.22    +24 15 50.7
 5370   275  3 48 15.45    +25 14 36.3
 5374   275  3 48 21.47    +24 34 43.3
 5377   275  3 48 23.55    +24 22 34.9
 5379   275  3 48 25.53    +22 52 12.8
 5383   275  3 48 36.32    +25 15 41.0
 5386   275  3 48 40.58    +25 01 19.8
 5389   275  3 48 44.01    +25 06 22.4
 5392   275  3 48 50.39    +25 17 54.5
 5393   275  3 48 51.48    +24 12 16.9
 5394   275  3 48 55.15    +22 50 41.6
 5397   275  3 49 02.85    +21 54 47.2
 5398   275  3 49 06.43    +22 00 17.6
 5400   275  3 49 11.34    +24 14 24.2
 5401   275  3 49 12.43    +24 11 12.8
 5403   275  3 49 20.60    +24 52 35.2
 5406   275  3 49 25.45    +22 18 44.8
 5410   275  3 49 33.04    +24 13 04.4
 5413   275  3 49 41.09    +22 56 40.8
 5414   275  3 49 41.64    +21 56 19.4
 5415   275  3 49 43.10    +24 39 46.3
 5416   275  3 49 48.33    +22 10 48.9
 5418   275  3 49 56.74    +24 59 06.9
 5419   275  3 49 58.29    +25 06 21.1
 5420   275  3 49 59.45    +24 11 45.4
 5421   275  3 50 01.60    +24 36 48.4
 5423   275  3 50 03.87    +24 56 02.9
 5424   275  3 50 06.49    +24 59 46.3
 5425   275  3 50 10.69    +24 28 41.4
 5427   275  3 50 18.12    +24 35 15.4
 5428   275  3 50 19.07    +24 16 33.8
 5429   275  3 50 29.23    +24 56 34.6
 5431   401  3 50 33.06    +24 20 22.05
 5432   275  3 51 11.81    +23 44 43.1
 5434   275  3 51 22.43    +23 42 17.9
 5436   275  3 51 34.20    +23 47 49.4
 5437   275  3 51 39.00    +23 22 04.2
 5438   275  3 51 39.14    +23 51 17.7
 5439   275  3 51 42.25    +24 21 41.0
 5440   275  3 51 44.85    +23 26 38.7
 5440   402  3 41 33.77    +24 11 18.6
 5440   403  3 51 44.97    +23 26 39.47
 5441   275  3 51 46.48    +23 23 34.3
 5442   275  3 51 51.48    +23 34 49.1
 5446   275  3 51 58.31    +23 58 19.1
 5447   275  3 52 01.54    +24 20 11.1
 5449   275  3 52 02.00    +23 15 45.9
 5450   401  3 52 02.61    +25 06 15.05
 5451   401  3 52 03.56    +25 01 14.03
 5452   275  3 52 04.43    +24 14 39.5
 5453   275  3 52 05.78    +24 17 31.0
 5456   275  3 52 10.97    +24 09 21.3
 5457   275  3 52 14.91    +24 20 23.6
 5458   275  3 52 17.41    +25 06 11.6
 5459   275  3 52 17.48    +24 27 19.5
 5460   275  3 52 18.64    +23 52 36.4
 5463   275  3 52 31.52    +25 19 49.1
 5464   275  3 52 33.28    +23 51 06.4
 5465   275  3 52 35.25    +25 01 04.1
 5466   401  3 52 43.21    +24 27 59.03
 5467   275  3 52 44.24    +23 54 14.9
 5468   275  3 52 44.39    +24 20 59.5
 5469   401  3 52 44.46    +24 20 59.09
 5470   275  3 52 46.36    +24 33 41.0
 5471   275  3 52 49.64    +25 00 50.0
 5475   275  3 52 55.88    +24 57 41.9
 5476   275  3 52 58.17    +23 26 18.5
 5477   275  3 52 58.72    +25 26 18.6
 5479   275  3 53 07.40    +25 18 02.8
 5480   275  3 53 09.57    +23 33 47.8
 5481   275  3 53 16.38    +23 20 58.1
 5482   275  3 53 21.62    +24 03 26.3
 5484   275  3 53 23.29    +25 05 50.3
 5487   275  3 53 34.52    +24 04 37.9
 5489   275  3 53 44.49    +24 00 42.1
 5492   275  3 53 48.08    +23 58 12.0
 5493   275  3 53 49.02    +23 32 49.6
 5495   275  3 53 58.17    +24 25 09.0
 5496   275  3 53 59.89    +23 41 00.6
 5497   275  3 54 00.30    +24 34 49.7
 5500   275  3 54 01.11    +25 19 50.8
 5501   275  3 54 02.66    +23 35 01.3
 5506   275  3 54 15.22    +25 09 51.4
 5507   275  3 54 15.52    +24 20 46.1
 5508   275  3 54 15.56    +24 20 45.7
 5509   275  3 54 15.60    +25 21 18.2
 5510   275  3 54 21.18    +23 23 49.1
 5513   275  3 54 28.06    +23 56 36.5
 5514   275  3 54 33.07    +23 33 39.5
 5515   275  3 54 39.07    +24 35 54.5
 5516   275  3 54 44.16    +25 15 10.6
 5517   275  3 54 46.30    +25 02 59.3
 5519   275  3 54 49.65    +25 06 23.6
 5520   275  3 54 55.67    +25 09 03.7
 5522   275  3 55 03.60    +25 13 16.2
 5523   275  3 55 06.07    +25 11 05.5
 5524   275  3 55 08.92    +24 05 02.9
 5525   275  3 55 17.10    +23 53 17.2
 5526   275  3 55 18.04    +24 17 05.4
 5527   275  3 55 22.99    +24 49 04.8
 5528   275  3 55 26.98    +25 14 45.4
 5531   275  3 55 49.25    +24 53 47.1
 5532   275  3 55 49.85    +23 48 23.1
 5534   275  3 56 11.32    +25 03 36.3
 5535   275  3 56 15.73    +25 29 14.6
 5536   275  3 56 21.67    +25 21 09.8
 5538   275  3 56 39.27    +24 31 42.5
 5539   275  3 56 51.22    +25 02 24.7
 7018   401  3 56 25.92    +24 16 51.08
 7022   401  3 56 18.58    +23 57 52.02
 7054   401  3 55 30.91    +23 23 51.05
 7065   401  3 55 08.96    +24 05 03.00
 7076   401  3 54 58.03    +25 14 29.06
 7082   401  3 54 47.99    +25 12 30.05
 7103   275  3 54 04.80    +25 05 05.9
 7132   401  3 53 21.55    +23 58 55.00
 7145   401  3 52 59.12    +24 54 06.02
 7152   275  3 52 52.05    +25 10 25.9
 7179   401  3 52 31.35    +25 15 08.02
 7201   401  3 52 05.56    +22 34 55.06
 7204   401  3 52 02.24    +24 21 48.05
 7206   401  3 46 03.45    +24 20 57.08
 7220   401  3 51 36.38    +25 13 41.02
 7231   401  3 51 23.88    +25 05 53.03
 7263   401  3 50 38.89    +23 13 03.05
 7273   401  3 50 27.33    +23 22 46.00
 7287   401  3 50 04.22    +23 10 45.04
 7315   275  3 49 26.55    +22 50 54.4
 7316   401  3 49 21.92    +24 54 44.03
 7327   401  3 49 08.82    +25 53 49.03
 7368   401  3 48 22.79    +24 48 54.03
 7394   401  3 47 52.85    +22 59 34.07
 7398   401  3 47 47.84    +25 13 35.01
 7409   401  3 47 38.04    +24 49 11.07
 7410   401  3 47 35.21    +25 32 38.07
 7417   401  3 47 28.09    +23 26 54.02
 7424   401  3 47 21.83    +25 53 53.00
 7428   401  3 47 20.82    +25 05 12.09
 7432   401  3 47 15.27    +25 06 56.00
 7461   401  3 46 40.24    +24 55 52.03
 7465   401  3 46 36.04    +23 04 18.02
 7467   401  3 46 31.17    +24 07 03.00
 7471   401  3 46 35.32    +23 24 42.08
 7474   401  3 46 19.41    +26 02 36.03
 7490   401  3 46 03.81    +25 27 11.02
 7497   401  3 45 57.27    +25 11 13.03
 7499   401  3 45 52.58    +25 55 00.04
 7508   401  3 56 23.50    +24 49 57.00
 7533   401  3 45 12.41    +22 41 51.07
 7534   401  3 45 05.31    +25 29 11.06
 7564   401  3 44 31.71    +23 35 26.08
 7571   401  3 44 31.01    +22 15 16.00
 7586   401  3 44 09.59    +24 35 22.09
 7596   401  3 43 56.68    +25 15 44.06
 7607   401  3 43 47.07    +26 04 36.00
 7609   401  3 43 47.95    +25 03 12.00
 7618   401  3 43 44.94    +23 03 21.09
 7619   401  3 43 36.66    +25 47 01.03
 7622   401  3 43 35.20    +25 24 31.06
 7630   401  3 43 37.10    +23 38 32.08
 7638   401  3 43 26.96    +24 27 10.04
 7642   401  3 43 19.05    +26 04 44.07
 7651   401  3 43 16.58    +23 50 02.02
 7663   401  3 42 49.09    +24 10 16.02
 7665   401  3 42 43.80    +25 32 06.09
 7676   401  3 42 28.65    +25 01 01.00
 7698   401  3 42 04.85    +25 39 48.01
 7699   401  3 42 08.82    +23 35 17.07
 7701   401  3 42 03.29    +24 32 13.09
 7702   401  3 42 00.01    +25 01 47.08
 7724   401  3 41 39.57    +23 45 47.07
 7729   401  3 41 26.87    +24 01 03.01
 7733   401  3 41 10.26    +25 45 56.07
 7773   401  3 40 31.49    +23 33 02.09
 7778   401  3 40 26.40    +24 05 24.01
 7787   401  3 40 24.63    +22 49 00.09
 8003   290  3 48 50.39    22 44 30.3
 8005   290  3 44 35.85    23 34 42.3
 8006   275  3 41 42.35    +23 54 56.9
 8007   401  3 57 49.35    +22 08 31.06
 8008   290  3 48 55.61    24 21 40.7
 8009   290  3 46 34.11    23 25 12.8
 8011   290  3 46 00.89    22 12 29.3
 8012   290  3 41 33.85    23 11 45.4
 8013   275  3 53 05.08    +25 04 15.5
 8015   290  3 47 44.62    22 12 44.4
 8017   290  3 56 52.30    25 10 05.5
 8018   290  3 43 06.49    22 17 49.0
 8020   275  3 54 01.05    +23 19 41.0
 8021   290  3 48 04.80    23 24 13.9
 8022   275  3 52 51.71    +23 33 47.8
 8026   401  3 47 44.06    +24 03 57.00
 8028   275  3 53 47.98    +23 49 09.7
 8030   290  3 46 30.95    23 01 34.9
 8034   275  3 42 13.42    +24 18 49.4
 8036   290  3 49 15.58    23 22 49.7
 8037   290  3 47 09.38    24 15 35.1
 8038   290  3 40 07.05    24 13 03.8
 8041   401  3 40 59.24    +25 11 56.02
 8042   401  3 49 36.30    +26 02 17.00
 8043   401  3 43 43.50    +24 12 50.09
 8044   290  3 48 42.66    24 27 19.9
 8045   290  3 42 42.09    25 11 49.1
 8046   290  3 44 37.73    24 25 39.4
 8047   401  3 46 19.38    +23 00 56.07
 8049   290  3 42 26.23    23 51 39.1
 8050   401  3 43 29.89    +24 39 24.05
 8051   401  3 49 21.22    +24 41 41.05
 8052   290  3 42 45.61    23 49 23.2
 8053   401  3 53 07.26    +25 47 22.00
 8054   401  3 44 59.45    +23 21 19.00
 8056   401  3 46 14.32    +23 51 03.04
 8058   290  3 41 48.93    23 03 23.9
 8060   401  3 58 30.99    +23 04 13.04
 8064   401  3 56 46.60    +26 21 00.09
 8066   401  3 39 15.55    +26 48 04.05
 8067   401  3 45 58.78    +26 20 02.04
 8071   275  3 43 11.55    +24 06 52.1
 8072   401  3 37 47.50    +24 53 46.07
 8073   401  3 47 36.01    +23 28 27.07
 8074   290  3 39 48.46    23 46 04.3
 8075   275  3 46 44.73    +24 44 58.2
 8078   401  3 55 34.41    +23 58 28.09
 8079   290  3 49 25.56    23 02 50.6
 8084   401  3 58 01.97    +23 53 55.02
 8087   275  3 46 28.07    +22 48 57.9
 8088   275  3 43 20.48    +24 26 34.7
 8090   401  3 41 31.18    +24 03 25.05
 8091   401  3 38 45.73    +24 28 04.04
 8093   401  3 58 34.17    +22 40 11.05
 8094   290  3 47 39.75    23 00 04.9
 8095   401  3 46 55.30    +23 22 50.02
 8096   401  3 48 35.46    +24 12 03.06
 8097   401  3 38 34.47    +23 40 23.00
 8098   401  3 38 34.19    +23 43 08.01
 8100   290  3 44 25.05    25 34 04.5
 8101   401  3 40 32.57    +25 28 41.02
 8104   401  3 46 43.16    +23 37 22.08
 8105   401  3 46 21.35    +24 33 53.00
 8108   401  3 41 52.93    +24 07 25.06
 8112   275  3 49 35.36    +22 23 26.4
 8113   401  3 45 04.99    +23 46 07.02
 8115   275  3 42 41.10    +24 01 42.3
 8119   401  3 42 44.35    +23 06 17.00
 8120   401  3 41 52.30    +24 41 58.02
 8121   401  3 38 27.84    +26 51 26.02
 8123   401  3 40 54.45    +22 54 26.05
 8124   401  3 53 35.48    +26 07 08.08
 8129   401  3 42 17.88    +24 06 58.04
 8130   401  3 45 39.28    +24 08 21.02
 8131   275  3 54 24.99    +24 42 43.8
 8134   401  3 43 25.14    +22 53 45.03
 8135   290  3 40 25.57    24 06 00.5
 8137   401  3 37 48.94    +26 51 45.09
 8138   401  3 39 49.70    +23 03 27.01
 8139   290  3 45 02.85    25 05 20.2
 8140   401  3 46 35.51    +24 01 36.01
 8141   401  3 39 44.78    +22 39 16.02
 8142   401  3 49 31.19    +23 41 20.05
 8144   401  3 55 20.67    +22 32 09.02
 8145   275  3 47 54.06    +22 39 25.5
 8146   401  3 42 53.99    +26 08 16.08
 8147   401  3 40 11.03    +25 23 27.03
 8148   401  3 41 37.25    +25 08 33.04
 8149   401  3 38 13.03    +24 38 17.05
 8150   401  3 59 18.98    +23 31 24.06
 8151   401  3 48 16.05    +23 35 16.02
 8152   401  3 47 44.62    +23 42 04.00
 8153   401  3 42 48.89    +23 34 49.04
 8154   401  3 37 16.70    +25 44 11.07
 8155   401  3 49 35.27    +25 59 35.02
 8156   401  3 48 08.92    +23 42 24.01
 8157   290  3 47 35.84    24 52 27.2
 8158   401  3 49 29.79    +23 38 56.00
 8160   275  3 46 31.20    +22 18 19.9
 8162   401  3 40 23.83    +23 04 09.09
 8163   275  3 47 44.56    +22 23 53.6
 8164   401  3 45 09.02    +25 32 49.07
 8165   401  3 56 28.89    +24 01 54.08
 8166   401  3 45 51.94    +25 10 02.04
 8168   275  3 47 45.85    +24 38 01.1
 8169   290  3 40 26.91    24 14 14.6
 8170   275  3 53 24.45    +25 02 07.0
 8171   401  3 48 22.67    +23 27 43.07
 8172   401  3 37 37.69    +26 21 04.07
 8173   401  3 53 24.08    +23 47 59.03
 8174   401  3 46 58.15    +23 33 39.06
 8175   401  3 46 23.72    +26 34 23.07
 8178   401  3 39 47.01    +26 21 15.01
 8179   401  3 37 16.53    +23 11 05.02
 8181   401  3 53 01.62    +22 58 48.04
 8182   401  3 46 03.65    +25 52 29.04
 8183   401  3 44 54.08    +24 26 47.05
 8184   401  3 48 33.76    +24 01 59.06
 8185   401  3 45 04.19    +26 40 45.04
 8186   401  3 44 09.31    +23 08 47.07
 8187   275  3 48 17.51    +22 04 01.6
 8189   401  3 44 38.92    +23 02 26.02
 8190   401  3 44 27.47    +24 14 17.08
 8192   401  3 49 27.56    +24 24 14.02
 8196   401  3 49 22.12    +25 47 38.03
 8198   275  3 47 25.02    +24 15 17.1
 8200   401  3 46 13.82    +22 42 20.06
 8203   401  3 47 15.35    +23 26 06.08
 8204   401  3 45 08.66    +22 38 31.04
 8205   290  3 43 36.46    23 12 34.4
 8206   275  3 43 16.52    +23 50 01.1
 8207   401  3 48 45.99    +24 10 13.01
 8208   401  3 46 47.17    +25 20 53.08
 8209   401  3 49 32.78    +25 47 47.05
 8211   275  3 47 15.61    +22 21 17.7
 8212   401  3 42 03.41    +25 22 39.08
 8213   401  3 41 59.73    +26 27 40.04
 8214   401  3 54 22.49    +23 38 12.06
 8215   401  3 48 16.61    +26 30 12.03
 8217   401  3 44 12.13    +23 52 38.01
 8218   401  3 43 52.78    +25 29 31.00
 8219   401  3 47 21.92    +26 22 47.08
 8220   401  3 58 25.13    +24 00 59.01
 8222   401  3 46 59.46    +24 52 46.09
 8223   401  3 44 58.00    +23 24 31.08
 8224   401  3 39 22.41    +26 11 36.07
 8225   401  3 48 09.19    +23 58 41.04
 8228   290  3 44 19.00    24 35 19.0
 8230   290  3 39 42.67    23 54 28.1
 8231   401  3 49 01.48    +24 11 39.00
 8235   290  3 44 10.74    25 37 38.8
 8236   401  3 42 12.61    +26 49 45.08
 8238   401  3 47 34.14    +25 43 06.05
 8240   401  3 48 06.61    +24 00 07.05
 8242   401  3 37 11.98    +26 46 29.03
 8243   290  3 44 26.51    24 29 11.8
 8245   290  3 49 32.54    23 24 41.6
 8246   401  3 48 43.10    +26 32 21.05
 8247   401  3 46 52.59    +23 38 43.09
 8248   401  3 38 02.03    +24 20 15.07
 8249   401  3 46 24.62    +24 28 47.00
 8252   275  3 47 00.21    +24 28 24.4
 8254   275  3 45 12.28    +22 41 51.0
 8257   401  3 46 55.76    +23 56 24.08
 8258   275  3 47 52.77    +22 59 33.9
 8260   401  3 55 58.83    +24 57 40.04
 8262   275  3 42 26.23    +24 14 07.6
 8264   401  3 45 43.16    +26 02 27.02
 8266   275  3 47 47.82    +25 13 34.5
 8267   401  3 45 26.53    +22 31 32.09
 8268   401  3 37 56.42    +23 22 57.04
 8269   401  3 44 56.67    +23 36 24.02
 8270   401  3 42 08.27    +25 37 00.06
 8271   401  3 56 52.90    +23 25 44.03
 8272   290  3 47 39.33    24 27 32.3
 8273   401  3 45 21.65    +24 32 37.08
 8274   401  3 44 58.58    +23 55 41.07
 8275   290  3 47 23.83    23 08 57.3
 8278   275  3 47 34.68    +22 48 04.9
 8284   275  3 55 30.84    +23 23 51.4
 8287   290  3 49 11.01    24 20 51.6
 8290   275  3 41 02.90    +23 43 21.3
 8291   290  3 39 47.94    23 50 57.2
 8292   401  3 58 56.40    +24 18 32.08
 8295   401  3 38 24.79    +26 15 24.02
 8297   275  3 46 09.47    +22 42 37.7
 8299   401  3 46 59.31    +24 01 43.05
 8303   401  3 46 19.85    +24 59 02.02
 8305   401  3 49 41.34    +26 08 53.07
 8308   401  3 49 16.78    +24 00 59.06
 8309   290  3 48 22.78    24 48 53.9
 8314   275  3 48 25.16    +24 14 25.8
 8316   401  3 46 40.23    +25 43 54.00
 8322   275  3 54 00.65    +23 58 59.9
 8324   401  3 39 46.34    +23 58 53.06
 8326   401  3 46 27.00    +24 27 14.08
 8328   275  3 43 12.03    +24 44 44.8
 8330   401  3 53 10.15    +23 03 11.00
 8332   275  3 49 00.92    +24 54 10.0
 8333   401  3 48 45.66    +25 42 02.01
 8334   401  3 44 33.48    +26 14 53.08
 8336   401  3 48 15.24    +23 42 04.02
 8338   290  3 40 26.37    24 05 24.0
 8340   275  3 41 26.82    +24 01 02.2
 8346   290  3 49 33.01    24 32 02.7
 8349   401  3 39 13.31    +25 43 50.02
 8350   275  3 42 02.83    +24 12 36.0
 8353   401  3 48 58.25    +23 05 39.09
 8354   275  3 42 03.23    +24 32 13.1
 8357   401  3 41 48.03    +26 47 21.04
 8360   275  3 47 38.02    +24 49 10.9
 8365   275  3 47 59.65    +22 38 30.6
 8366   401  3 59 06.30    +25 03 20.04
 8367   401  3 46 17.92    +24 41 10.01
 8368   275  3 43 26.88    +24 27 09.6
 8371   275  3 54 47.94    +25 12 30.0
 8374   290  3 43 43.63    24 29 16.3
 8376   275  3 47 15.25    +25 06 55.1
 8379   290  3 45 57.26    25 11 13.2
 8388   401  3 58 56.14    +23 27 54.01
 8395   275  3 43 12.97    +24 39 18.8
 8397   401  3 40 14.90    +25 19 19.03
 8401   275  3 42 56.49    +24 04 57.4
 8407   401  3 39 35.45    +24 07 06.08
 8418   401  3 38 23.39    +23 06 29.05
 8423   401  3 47 56.63    +26 31 51.06
 8427   401  3 47 25.32    +24 02 57.06
 8439   401  3 57 36.07    +23 55 52.06
 8503   401  3 55 58.38    +24 33 00.01
 8508   401  3 54 18.81    +25 29 43.03
 8512   401  3 53 52.81    +22 25 07.00
 8517   401  3 53 24.79    +23 24 15.08
 8519   401  3 53 04.52    +22 48 05.01
 8520   401  3 52 45.33    +25 16 47.09
 8522   401  3 52 33.32    +23 51 07.06
 8531   401  3 51 39.03    +22 45 01.02
 8535   401  3 51 23.81    +22 50 29.04
 8538   401  3 51 03.58    +24 32 35.09
 8542   401  3 50 53.85    +22 32 53.02
 8544   401  3 50 35.70    +25 25 35.08
 8545   401  3 50 39.28    +25 23 37.09
 8556   401  3 49 48.44    +22 10 48.08
 8599   401  3 46 09.49    +26 08 20.02
 8623   401  3 43 13.59    +25 16 12.09
 8634   401  3 42 27.59    +25 02 49.06
 8641   401  3 41 27.81    +23 42 30.07
 8651   401  3 40 51.26    +23 35 54.08
 8660   401  3 39 44.17    +22 07 45.09
 9003   401  3 42 40.21    +23 59 22.02
 9005   401  3 43 37.31    +25 24 32.08
 9006   401  3 47 51.93    +23 39 48.08
 9009   401  3 44 26.88    +24 24 32.02
 9010   401  3 44 26.37    +26 02 31.01
 9011   401  3 44 47.31    +24 00 38.07
 9015   290  3 46 53.58    24 17 15.3
 9016   401  3 36 27.36    +24 41 17.09
 9022   401  3 48 05.68    +22 38 10.04
 9023   401  3 48 20.27    +24 54 55.06
 9026   401  3 49 11.02    +24 20 51.08
 9027   401  3 50 02.16    +23 51 45.03
 9029   401  3 51 24.14    +26 03 12.00
 9031   401  3 51 39.08    +24 35 29.08
 9032   401  3 53 24.47    +25 02 07.07
 9033   401  3 54 25.03    +24 42 44.01
 9034   401  3 41 38.83    +22 16 41.04
 9035   401  3 41 58.93    +25 19 44.08
 9036   401  3 42 10.91    +24 05 09.02
 9037   401  3 42 41.16    +24 01 43.05
 9039   401  3 43 05.53    +24 49 29.01
 9040   401  3 43 09.74    +24 41 33.07
 9041   401  3 43 42.13    +24 34 24.01
 9043   401  3 44 47.83    +24 12 53.02
 9049   401  3 46 50.07    +23 31 56.09
 9054   401  3 49 32.51    +23 55 43.02
 9058   401  3 52 07.93    +25 27 55.04
 9060   401  3 52 34.46    +22 30 07.09
 9063   275  3 40 03.54    +24 30 02.7
 9064   401  3 40 00.18    +23 26 06.05
 9065   401  3 40 10.91    +26 06 41.04
 9066   401  3 40 09.67    +23 10 33.02
 9067   401  3 42 26.28    +24 14 08.05
 9069   401  3 43 53.87    +25 28 30.07
 9072   401  3 44 16.44    +23 37 05.00
 9076   401  3 45 13.11    +24 15 24.04
 9078   401  3 45 41.68    +25 41 12.07
 9082   290  3 47 30.57    24 22 14.2
 9085   401  3 48 20.55    +23 31 02.01
 9087   401  3 48 37.61    +22 46 10.01
 9089   290  3 49 27.62    24 31 54.3
 9092   401  3 49 55.76    +24 44 32.01
 9094   401  3 50 25.13    +23 55 42.04
 9095   401  3 51 15.78    +23 16 56.09
 9096   401  3 51 50.58    +22 53 44.06
 9097   401  3 51 54.48    +23 33 32.05
 9101   401  3 39 08.11    +24 46 15.03
 9102   401  3 40 31.16    +25 08 53.06
 9104   290  3 44 39.59    24 31 44.5
 9105   401  3 47 33.44    +23 41 33.06
 9108   401  3 50 00.62    +25 23 56.02
 9112   275  3 53 40.86    +24 25 09.4
 9115   401  3 52 20.64    +24 33 56.04
 9116   401  3 40 23.04    +25 29 48.03
 9117   401  3 41 58.85    +26 12 21.08
 9119   401  3 43 39.03    +23 44 05.09
 9120   401  3 47 55.24    +23 19 06.06
 9121   401  3 46 58.52    +24 27 40.06
 9125   401  3 51 55.02    +23 57 43.00
 9132   401  3 47 34.75    +22 48 05.04
 9135   401  3 51 11.51    +24 23 13.07
 9137   401  3 58 57.02    +23 42 31.08
 9139   401  3 44 36.27    +23 30 11.08
 9141   401  3 37 03.47    +24 44 36.01
 9142   401  3 54 13.02    +23 20 51.04
 9143   401  3 45 16.98    +25 15 48.01
 9147   401  3 42 56.53    +24 04 58.05
 9148   401  3 43 13.06    +24 39 20.00
 9150   401  3 44 02.28    +25 03 54.02
 9153   290  3 47 10.99    24 13 51.9
 9153   290  3 47 11.84    24 13 54.1
 9154   401  3 48 05.79    +23 02 03.05
 9155   401  3 48 13.27    +23 58 47.07
 9156   290  3 48 31.03    24 16 53.5
 9167   401  3 43 28.20    +24 53 31.08
 9168   401  3 42 56.65    +25 58 51.00
 9172   401  3 41 58.64    +22 57 02.07
 9173   401  3 43 04.18    +22 48 04.01
 9174   401  3 42 36.25    +23 22 05.05
 9176   401  3 49 00.97    +24 54 10.07
 9179   401  3 44 25.58    +24 40 53.05
 9180   401  3 47 04.74    +25 22 50.06
 9181   401  3 40 55.02    +22 20 59.07
 9182   401  3 52 54.26    +25 17 43.08
 9186   401  3 47 39.34    +24 27 32.07
 9187   401  3 46 57.08    +23 15 03.01
 9192   275  3 48 45.31    +24 37 26.3
 9194   401  3 48 13.74    +23 38 00.01
 9196   401  3 45 16.64    +24 34 33.00
 9197   401  3 45 52.63    +25 51 42.07
 9201   401  3 51 53.91    +24 02 52.02
 9202   401  3 45 12.13    +23 21 53.08
 9203   290  3 45 36.71    24 39 07.0
 9205   401  3 41 33.72    +25 06 49.00
 9207   275  3 48 42.11    +25 00 28.1
 9208   401  3 49 36.51    +24 18 14.06
 9209   401  3 47 30.56    +26 16 45.02
 9210   401  3 40 12.73    +23 09 36.04
 9211   401  3 50 56.59    +25 35 06.09
 9213   401  3 50 29.95    +25 03 07.05
 9214   401  3 50 15.24    +24 13 36.07
 9216   401  3 52 30.89    +24 32 40.03
 9219   401  3 51 19.03    +24 10 13.08
 9223   401  3 41 25.31    +22 32 56.08
 9225   401  3 41 22.87    +23 55 48.08
 9235   401  3 54 34.78    +21 53 02.04
 9238   401  3 51 25.85    +24 47 39.05
 9239   401  3 49 00.98    +22 58 50.01
 9240   290  3 47 50.92    24 30 19.0
 9242   401  3 49 21.47    +23 39 07.01
 9245   401  3 43 12.12    +24 44 46.00
 9246   401  3 50 01.84    +25 12 41.06
 9249   401  3 44 13.97    +25 32 15.09
 9251   401  3 46 49.19    +24 36 00.06
 9255   401  3 42 01.66    +22 23 27.07
 9256   401  3 42 21.53    +24 39 53.02
 9257   401  3 48 40.41    +24 36 34.08
 9265   290  3 53 47.55    23 44 31.3
 9267   401  3 46 54.02    +25 14 45.04
 9274   401  3 52 51.71    +22 31 33.02
 9275   401  3 57 42.97    +25 23 07.02
 9278   401  3 42 42.39    +23 20 22.04
 9279   401  3 51 57.50    +25 48 31.07
 9283   401  3 44 08.80    +23 04 48.04
 9284   401  3 45 56.94    +23 01 30.00
 9287   401  3 52 12.16    +26 22 09.04
 9289   401  3 42 26.27    +22 53 41.03
 9291   401  3 52 48.69    +21 42 28.04
 9292   401  3 42 02.91    +23 55 54.04
 9297   401  3 40 24.18    +24 35 04.06
 9298   401  3 42 29.41    +22 47 26.07
 9299   401  3 56 57.07    +24 48 34.09
 9301   401  3 55 56.42    +25 18 00.01
 9303   401  3 48 22.62    +22 52 22.04
 9304   401  3 52 13.30    +26 08 37.04
 9306   401  3 42 03.84    +24 42 45.06
 9307   401  3 50 08.40    +25 32 56.03
 9308   401  3 39 29.19    +23 29 58.03
 9309   401  3 39 42.70    +23 54 28.05
 9313   401  3 47 25.78    +25 08 33.06
 9314   275  3 48 39.84    +24 12 42.6
 9323   401  3 43 48.44    +25 02 37.05
 9324   401  3 43 57.26    +24 13 21.01
 9325   401  3 44 19.05    +24 35 19.01
 9327   401  3 45 16.12    +24 07 16.08
 9330   401  3 46 23.47    +24 01 52.00
 9332   401  3 46 45.76    +25 27 30.08
 9333   401  3 46 48.75    +23 04 08.01
 9336   401  3 47 22.66    +23 44 07.06
 9338   401  3 49 05.89    +23 06 23.00
 9339   401  3 49 20.53    +25 49 05.02
 9342   401  3 42 02.85    +24 12 36.08
 9344   401  3 43 51.74    +24 14 16.07
 9346   401  3 41 54.20    +25 43 47.08
 9348   401  3 44 23.39    +25 21 30.06
 9350   401  3 48 07.92    +23 44 24.03
 9351   401  3 43 07.56    +25 34 29.07
 9352   401  3 47 23.83    +23 08 57.08
 9354   401  3 46 09.57    +22 42 38.02
 9357   290  3 47 49.75    24 25 43.6
 9359   401  3 43 26.19    +26 02 31.04
 9363   401  3 47 13.64    +23 49 54.00
 9364   401  3 48 25.22    +24 14 26.06
 9369   401  3 53 15.70    +22 52 14.06
 9375   401  3 52 01.62    +25 01 30.00
 9376   401  3 48 26.02    +25 14 41.04
 9391   401  3 44 09.90    +24 16 04.06
 9392   401  3 48 12.43    +26 35 02.00
 9393   401  3 40 01.86    +24 46 26.05
 9394   401  3 40 51.82    +23 13 51.03
 9396   401  3 43 34.13    +25 35 26.06
 9398   401  3 44 02.82    +25 39 23.03
 9399   401  3 44 24.67    +24 51 54.02
 9400   401  3 44 24.82    +24 46 06.08
 9407   290  3 48 35.14    22 53 42.4
 9408   401  3 49 12.62    +25 42 07.08
 9410   401  3 49 36.08    +23 56 24.00
 9412   401  3 50 22.91    +22 11 18.02
 9426   401  3 42 31.20    +24 49 22.01
 9427   401  3 40 42.56    +25 42 20.01
 9436   401  3 49 51.80    +21 18 26.06
 9437   401  3 41 02.98    +23 43 22.01
 9438   401  3 43 20.57    +24 26 35.06
 9440   401  3 42 27.29    +22 34 25.06
 9443   401  3 50 31.95    +22 08 47.09
 9444   401  3 43 18.99    +22 47 11.04
 9450   401  3 43 56.69    +24 59 37.01
 9472   401  3 46 05.25    +22 58 54.00
 9474   401  3 52 38.88    +25 50 26.00
 9475   401  3 50 48.96    +22 40 12.03
 9476   290  3 48 57.34    24 19 44.0
 9477   401  3 43 56.98    +23 57 06.05
 9480   401  3 46 37.76    +24 44 52.03
 9481   401  3 41 19.34    +23 51 42.05
 9496   401  3 50 37.41    +22 28 08.04
 9497   401  3 44 33.07    +25 45 10.03
 9500   401  3 45 52.74    +23 27 55.00
 9503   401  3 44 04.48    +25 51 23.02
 9505   401  3 45 01.11    +24 46 41.08
 9513   401  3 38 52.89    +25 14 11.07
 9520   401  3 50 58.14    +23 55 43.04
 9523   401  3 50 57.39    +24 06 31.03
 9524   401  3 41 47.07    +22 51 26.00
 9528   401  3 38 48.67    +25 11 20.00
 9534   401  3 50 22.03    +22 37 32.06
 9536   401  3 38 43.30    +25 22 27.08
 9539   401  3 49 20.29    +25 25 42.09
 9545   290  3 47 22.95    24 50 56.5
 9555   401  3 42 04.70    +25 53 09.06
 9557   401  3 43 26.43    +22 42 43.04
 9559   290  3 44 17.72    24 26 47.2
 9560   401  3 44 20.85    +23 33 40.07
 9563   290  3 47 08.12    24 18 24.9
 9564   401  3 47 26.74    +23 38 03.03
 9565   401  3 48 31.81    +24 01 59.05
 9566   401  3 51 23.87    +22 06 48.04
 9568   401  3 52 56.96    +22 26 01.06
 9569   401  3 54 11.48    +25 18 43.02
 9901   404  3 46 24.9     +23 46 10.
 9902   404  3 45 30.9     +23 49 51.
 9903   404  3 45 59.7     +23 40 53.
 9904   404  3 46 26.6     +23 39 35.
 9905   404  3 46 28.0     +23 42 39.
 9907   404  3 46 20.7     +23 41 56.
 9909   404  3 45 50.9     +23 44 57.
 9911   404  3 45 49.2     +23 41 26.
 10001   401  3 27 35.58    +24 31 43.06
 10002   401  3 27 37.75    +24 59 00.08
 10003   401  3 27 54.24    +24 56 11.07
 10004   401  3 28 01.54    +23 04 43.00
 10005   401  3 28 14.03    +26 20 35.03
 10006   401  3 28 48.04    +25 34 33.04
 10007   401  3 28 48.74    +26 29 58.01
 10009   401  3 29 58.72    +23 22 19.01
 10010   401  3 30 08.26    +22 38 38.08
 10011   401  3 30 33.49    +26 12 57.00
 10012   401  3 30 35.38    +23 03 08.03
 10013   401  3 30 37.45    +26 20 46.02
 10014   401  3 31 11.89    +25 09 54.06
 10015   401  3 31 14.61    +25 58 52.03
 10016   401  3 31 29.55    +26 30 12.07
 10017   401  3 32 07.88    +23 13 57.09
 10018   401  3 32 15.30    +26 41 54.09
 10019   401  3 32 28.29    +22 28 06.03
 10020   401  3 32 32.97    +22 18 12.04
 10021   401  3 32 33.70    +24 29 35.04
 10022   401  3 32 42.31    +23 34 01.00
 10023   401  3 32 51.42    +25 34 46.06
 10024   401  3 32 57.54    +27 17 20.05
 10025   401  3 33 00.37    +25 59 46.02
 10027   401  3 33 10.49    +22 31 19.04
 10029   401  3 33 39.00    +22 21 08.09
 10030   401  3 33 46.64    +23 48 20.03
 10031   401  3 33 49.81    +22 56 19.07
 10033   401  3 34 19.14    +22 27 59.09
 10034   401  3 34 19.37    +22 48 42.04
 10035   401  3 34 22.09    +27 23 46.03
 10036   401  3 34 41.53    +26 09 27.08
 10037   401  3 34 44.38    +26 05 45.08
 10038   401  3 34 46.33    +27 55 33.01
 10039   401  3 34 47.53    +26 22 14.01
 10040   401  3 34 54.94    +22 04 46.07
 10041   401  3 35 04.72    +25 50 48.06
 10042   401  3 35 09.40    +24 14 20.05
 10043   401  3 35 10.43    +24 31 55.01
 10044   401  3 35 16.27    +23 47 58.07
 10045   401  3 35 18.75    +23 26 21.09
 10046   401  3 35 39.82    +25 38 45.09
 10047   401  3 35 44.26    +22 27 10.00
 10048   401  3 35 49.67    +25 04 48.07
 10049   401  3 35 50.29    +25 42 21.04
 10050   401  3 35 56.05    +25 22 00.01
 10051   401  3 36 05.32    +25 21 04.02
 10052   401  3 36 10.77    +26 15 53.00
 10053   401  3 36 11.07    +23 48 23.08
 10054   401  3 36 16.31    +25 08 49.06
 10055   401  3 36 22.33    +22 44 32.09
 10056   401  3 36 24.32    +22 37 25.05
 10057   401  3 36 26.15    +22 14 45.07
 10059   401  3 36 30.30    +24 00 44.03
 10060   401  3 36 38.40    +23 08 45.01
 10061   401  3 36 40.64    +27 49 57.00
 10062   401  3 36 42.64    +28 21 06.07
 10063   401  3 36 44.11    +22 01 39.01
 10064   401  3 36 46.45    +28 15 06.08
 10065   401  3 36 52.53    +23 15 45.07
 10067   401  3 37 10.51    +25 17 35.02
 10071   401  3 37 26.38    +24 34 01.08
 10072   401  3 37 30.27    +28 32 27.03
 10073   401  3 37 32.88    +26 58 22.03
 10074   401  3 37 34.18    +24 42 15.08
 10075   401  3 37 36.01    +26 32 49.02
 10077   401  3 37 47.05    +28 03 58.01
 10082   401  3 38 08.80    +21 14 49.03
 10083   401  3 38 09.26    +27 35 10.01
 10086   401  3 38 24.22    +25 19 49.08
 10088   401  3 38 27.05    +27 16 14.09
 10093   401  3 38 45.73    +27 27 44.05
 10098   401  3 39 04.05    +27 00 05.06
 10103   401  3 39 16.72    +24 57 39.02
 10106   401  3 39 31.47    +20 04 41.00
 10107   401  3 39 32.31    +24 16 02.00
 10110   401  3 39 43.29    +23 12 26.01
 10116   401  3 39 48.13    +27 11 22.08
 10119   401  3 39 53.51    +25 46 46.08
 10120   401  3 39 57.84    +25 55 30.02
 10124   401  3 40 05.95    +25 40 21.05
 10125   401  3 40 06.18    +28 08 33.01
 10132   401  3 40 16.64    +27 55 22.05
 10133   401  3 40 19.88    +28 48 57.09
 10146   401  3 40 35.31    +20 57 56.07
 10147   401  3 40 39.44    +23 26 35.06
 10148   401  3 40 40.31    +25 50 48.09
 10149   401  3 40 42.46    +22 25 54.01
 10151   401  3 40 43.18    +22 49 54.06
 10152   401  3 40 49.38    +21 12 55.06
 10153   401  3 40 49.90    +26 03 33.09
 10155   401  3 40 51.06    +20 41 17.07
 10157   401  3 40 51.43    +19 32 46.05
 10161   401  3 40 56.02    +28 43 39.08
 10165   401  3 41 10.95    +28 00 41.04
 10166   401  3 41 13.80    +23 23 06.03
 10168   401  3 41 19.98    +22 37 54.06
 10169   401  3 41 22.43    +24 23 52.04
 10171   401  3 41 23.61    +27 24 17.08
 10172   401  3 41 24.63    +24 15 14.05
 10178   401  3 41 33.55    +27 09 50.08
 10180   401  3 41 34.78    +23 38 16.03
 10185   401  3 41 45.04    +22 28 02.08
 10186   401  3 41 46.45    +24 55 33.07
 10189   401  3 41 49.57    +22 29 37.08
 10192   401  3 41 53.03    +27 04 43.07
 10193   401  3 41 53.64    +23 27 29.04
 10195   401  3 41 56.47    +27 02 58.07
 10199   401  3 41 59.06    +25 55 15.07
 10213   401  3 42 09.82    +27 57 25.08
 10216   401  3 42 13.88    +20 21 44.00
 10219   401  3 42 22.12    +25 03 56.09
 10226   401  3 42 28.42    +27 12 59.01
 10229   401  3 42 29.68    +20 48 40.03
 10231   401  3 42 33.97    +24 11 01.03
 10233   401  3 42 36.94    +25 13 58.01
 10236   401  3 42 41.83    +24 00 16.03
 10241   401  3 42 44.46    +23 58 16.03
 10247   401  3 42 58.58    +20 12 45.04
 10249   401  3 42 59.76    +22 25 28.02
 10262   401  3 43 24.50    +23 13 33.06
 10273   401  3 43 35.51    +19 12 26.03
 10280   401  3 43 38.05    +26 36 45.04
 10283   401  3 43 43.13    +24 32 56.09
 10289   401  3 43 47.70    +28 16 00.01
 10294   401  3 43 49.00    +25 43 47.02
 10295   401  3 43 51.38    +21 09 03.08
 10305   401  3 44 00.64    +21 16 55.08
 10307   401  3 44 02.51    +21 13 16.05
 10318   401  3 44 11.90    +19 18 19.06
 10329   401  3 44 22.12    +23 10 55.07
 10332   401  3 44 24.01    +21 24 21.04
 10335   401  3 44 25.49    +22 27 51.02
 10342   401  3 44 27.90    +24 00 00.06
 10343   401  3 44 28.09    +19 11 06.04
 10354   401  3 44 47.29    +19 55 42.02
 10356   401  3 44 47.58    +26 36 03.01
 10359   401  3 44 53.20    +24 01 07.04
 10367   401  3 45 01.20    +25 21 06.02
 10374   401  3 45 06.24    +28 42 19.08
 10384   401  3 45 16.39    +23 34 02.04
 10389   401  3 45 21.88    +26 28 42.07
 10392   401  3 45 24.77    +24 20 46.00
 10394   401  3 45 28.87    +27 28 08.00
 10396   401  3 45 33.97    +23 11 07.05
 10399   401  3 45 40.75    +28 32 06.04
 10403   401  3 45 49.24    +25 24 46.06
 10409   401  3 45 56.32    +26 57 24.07
 10412   401  3 45 57.89    +24 08 41.08
 10414   401  3 46 02.95    +24 40 56.04
 10425   401  3 46 09.89    +21 05 52.09
 10430   401  3 46 12.99    +27 02 12.05
 10434   401  3 46 19.34    +20 52 47.04
 10440   401  3 46 21.60    +23 04 01.09
 10441   401  3 46 22.18    +23 52 42.00
 10442   401  3 46 23.02    +24 36 18.07
 10446   401  3 46 25.21    +21 26 18.00
 10450   401  3 46 28.40    +24 26 02.06
 10452   401  3 46 29.73    +21 02 17.05
 10455   401  3 46 32.78    +19 17 31.04
 10460   401  3 46 37.27    +24 20 37.03
 10461   401  3 46 37.48    +27 38 44.00
 10463   401  3 46 39.37    +24 01 47.05
 10467   401  3 46 43.58    +23 59 43.01
 10476   401  3 46 54.86    +24 28 00.06
 10487   401  3 47 02.33    +23 32 36.08
 10490   401  3 47 03.79    +20 11 45.06
 10492   401  3 47 05.66    +20 00 37.08
 10498   401  3 47 09.50    +23 25 57.01
 10516   401  3 47 28.39    +26 32 06.03
 10519   401  3 47 31.14    +21 10 51.06
 10523   401  3 47 34.49    +24 02 23.07
 10533   401  3 47 42.85    +28 18 59.07
 10534   401  3 47 43.86    +26 13 27.06
 10550   401  3 48 07.65    +25 18 55.05
 10554   401  3 48 10.15    +23 00 04.07
 10555   401  3 48 10.16    +23 59 21.02
 10556   401  3 48 10.32    +19 18 09.04
 10558   401  3 48 11.40    +20 46 42.09
 10563   401  3 48 15.46    +25 14 37.01
 10568   401  3 48 19.80    +23 36 12.07
 10571   401  3 48 21.52    +24 34 44.02
 10575   401  3 48 23.22    +28 39 36.01
 10576   401  3 48 23.89    +23 08 09.01
 10585   401  3 48 39.28    +24 50 20.04
 10589   401  3 48 44.03    +25 06 23.01
 10590   401  3 48 44.68    +24 37 24.04
 10593   401  3 48 50.49    +24 08 27.07
 10594   401  3 48 57.02    +26 36 54.04
 10598   401  3 49 01.11    +23 38 16.04
 10600   401  3 49 02.31    +25 43 24.06
 10606   401  3 49 11.39    +24 14 25.02
 10610   401  3 49 18.63    +23 46 49.07
 10614   401  3 49 20.96    +26 11 34.04
 10619   401  3 49 22.51    +21 37 56.06
 10623   401  3 49 27.88    +26 30 48.08
 10626   401  3 49 32.14    +23 16 18.08
 10631   401  3 49 35.76    +20 06 29.03
 10635   401  3 49 38.21    +26 51 06.02
 10638   401  3 49 47.02    +25 42 37.03
 10641   401  3 49 55.47    +24 06 05.07
 10643   401  3 49 56.75    +25 22 23.03
 10644   401  3 49 57.61    +23 43 28.09
 10646   401  3 50 01.55    +25 24 02.03
 10650   401  3 50 04.97    +23 18 18.02
 10652   401  3 50 06.39    +26 58 19.03
 10653   401  3 50 06.53    +24 59 47.01
 10655   401  3 50 08.60    +24 40 18.05
 10656   401  3 50 10.75    +24 28 42.02
 10659   401  3 50 12.43    +23 55 36.07
 10660   401  3 50 12.57    +23 48 49.09
 10662   401  3 50 14.74    +25 25 30.06
 10664   401  3 50 17.56    +22 55 59.08
 10665   401  3 50 18.21    +24 35 16.03
 10668   401  3 50 24.95    +20 42 18.03
 10671   401  3 50 27.79    +23 03 55.09
 10680   401  3 50 39.31    +26 16 04.04
 10681   401  3 50 40.80    +24 40 03.03
 10682   401  3 50 41.18    +25 39 31.00
 10683   401  3 50 42.41    +24 12 56.02
 10687   401  3 50 54.63    +24 21 56.05
 10692   401  3 51 05.05    +26 36 51.07
 10694   401  3 51 06.12    +22 38 01.01
 10695   401  3 51 07.08    +23 20 58.05
 10696   401  3 51 10.53    +26 35 16.00
 10700   401  3 51 16.61    +21 03 35.03
 10701   401  3 51 17.93    +26 01 22.05
 10703   401  3 51 19.44    +23 09 50.04
 10704   401  3 51 19.74    +23 04 05.01
 10705   401  3 51 20.66    +19 38 38.06
 10714   401  3 51 30.58    +27 22 50.03
 10715   401  3 51 33.97    +24 34 09.06
 10716   401  3 51 34.22    +23 47 50.08
 10720   401  3 51 39.16    +23 51 19.01
 10723   401  3 51 42.29    +24 21 42.01
 10729   401  3 51 57.09    +24 57 07.00
 10732   401  3 51 58.32    +23 58 20.02
 10735   401  3 52 02.48    +21 36 37.07
 10738   401  3 52 04.38    +21 45 39.06
 10739   401  3 52 04.45    +24 14 40.03
 10741   401  3 52 06.67    +22 01 14.09
 10743   401  3 52 11.21    +20 52 34.01
 10745   401  3 52 13.16    +26 11 46.00
 10747   401  3 52 15.17    +27 56 38.01
 10748   401  3 52 17.53    +24 27 20.02
 10749   401  3 52 18.45    +22 00 53.09
 10751   401  3 52 23.98    +23 55 16.05
 10752   401  3 52 25.92    +21 50 32.01
 10753   401  3 52 30.52    +19 40 40.04
 10758   401  3 52 35.30    +25 01 05.04
 10759   401  3 52 35.81    +21 21 23.06
 10761   401  3 52 41.79    +26 46 10.09
 10762   401  3 52 42.18    +25 10 42.08
 10764   401  3 52 43.46    +27 28 21.04
 10768   401  3 52 45.66    +21 41 20.04
 10773   401  3 52 58.11    +21 25 27.05
 10774   401  3 52 58.36    +21 05 20.05
 10780   401  3 53 13.99    +19 43 00.01
 10787   401  3 53 30.76    +19 54 24.08
 10789   401  3 53 31.55    +20 57 27.05
 10791   401  3 53 38.90    +26 50 58.08
 10792   401  3 53 43.01    +20 50 00.08
 10795   401  3 53 58.11    +20 28 50.00
 10798   401  3 54 13.51    +20 58 38.09
 10799   401  3 54 16.79    +22 00 17.01
 10803   401  3 54 28.45    +24 19 16.03
 10805   401  3 54 37.37    +23 13 33.02
 10806   401  3 54 39.13    +24 35 55.00
 10807   401  3 54 45.85    +22 53 54.08
 10808   401  3 54 46.53    +25 31 35.06
 10811   401  3 55 05.75    +23 03 17.00
 10813   401  3 55 13.62    +19 30 17.03
 10816   401  3 55 32.82    +23 19 08.05
 10817   401  3 55 33.03    +20 37 31.00
 10819   401  3 55 50.10    +21 43 28.03
 10820   401  3 55 53.03    +20 16 44.02
 10821   401  3 55 54.90    +20 07 55.04
 10823   401  3 55 57.54    +21 10 39.03
 10826   401  3 55 59.94    +26 59 59.09
 10827   401  3 56 05.80    +22 26 22.04
 10829   401  3 56 11.32    +20 34 30.05
 10831   401  3 56 22.30    +21 07 17.04
 10832   401  3 56 22.39    +24 37 23.02
 10836   401  3 56 27.63    +26 03 57.03
 10838   401  3 56 34.20    +24 15 13.06
 10839   401  3 56 36.20    +20 07 07.03
 10840   401  3 56 36.55    +25 15 52.06
 10841   401  3 56 38.75    +21 35 08.09
 10842   401  3 56 39.65    +22 41 12.04
 10844   401  3 56 51.91    +23 31 36.06
 10845   401  3 56 52.70    +20 05 01.01
 10847   401  3 56 55.46    +22 08 24.09
 10849   401  3 57 08.59    +20 07 43.04
 10850   401  3 57 09.80    +21 36 27.07
 10851   401  3 57 16.83    +24 00 33.03
 10852   401  3 57 32.00    +22 26 00.03
 10853   401  3 57 33.30    +24 03 11.08
 10854   401  3 57 34.60    +22 55 32.09
 10856   401  3 57 40.66    +25 16 04.06
 10859   401  3 57 52.32    +21 02 16.05
 10860   401  3 57 55.82    +21 16 11.04
 10861   401  3 57 58.46    +24 20 09.00
 10863   401  3 58 17.91    +20 27 07.07
 10864   401  3 58 22.72    +21 53 58.09
 10871   401  3 59 05.74    +26 24 27.02
 10873   401  3 59 12.91    +24 17 18.08
 10875   401  3 59 22.88    +22 34 17.01
 10876   401  3 59 26.91    +21 48 19.03
 10877   401  3 59 27.53    +23 07 25.08
 10878   401  3 59 29.31    +21 39 56.07
 10879   401  3 59 31.45    +21 16 19.00
 10880   401  3 59 52.41    +22 21 57.09
 10881   401  3 59 52.92    +22 53 47.03
 10882   401  3 59 56.48    +23 40 16.00
 10883   401  3 59 59.16    +23 41 05.02
 10884   401  3 59 59.85    +22 05 29.08
 10885   401  4 00 00.38    +23 47 07.08
 10886   401  4 00 02.54    +26 36 02.04
 10887   401  4 00 09.01    +24 03 26.01
 10888   401  4 00 10.28    +22 02 17.07
 10889   401  4 00 14.10    +24 48 52.00
 10890   401  4 00 19.38    +24 41 05.01
 10891   401  4 00 26.14    +23 26 18.00
 10892   401  4 00 28.18    +23 51 24.07
 10893   401  4 00 28.35    +27 20 54.09
 10894   401  4 00 39.23    +26 44 19.08
 10895   401  4 00 49.31    +25 12 11.00
 10896   401  4 01 04.12    +20 22 21.09
 10897   401  4 01 08.59    +22 57 22.07
 10898   401  4 01 12.08    +23 54 13.04
 10899   401  4 01 13.99    +23 10 30.05
 10900   401  4 01 26.03    +21 35 09.03
 10901   401  4 01 49.14    +22 10 05.05
 10902   401  4 01 59.59    +25 19 12.05
 10903   401  4 02 22.61    +24 48 24.06
 10904   401  4 02 49.97    +23 30 39.03
 10905   401  4 03 01.22    +25 24 24.00
 10906   401  4 03 16.55    +24 35 20.01
 10907   401  4 03 24.91    +22 52 17.06
 10908   401  4 03 40.67    +25 21 35.00
 10909   401  4 03 43.82    +23 53 47.06
 10910   401  4 03 49.56    +23 43 14.03
 10912   401  4 04 45.65    +24 41 19.07
 10913   401  4 05 09.44    +23 28 59.02
 10914   401  4 05 13.72    +22 18 19.00
 10915   401  4 05 13.74    +24 08 43.02
 10916   401  4 06 29.98    +22 33 44.03
